; this is the file to be delivered with GiantsEdit5.
; each section declares a 3D object
; <Objects> has a list of all objects with this design
;     All means: Assign this one to all (non-negative) object numbers
;     Negative object numbers have special purposes
; <Colors> lists all colors a vertex can have.
; <Vertices> lists all vertices with their 3D coordinates and a color.
; <Triangles> lists the vertices of each triangle.


[Cube]
<Objects>
All
<Colors>
128,192,64
128,64,192
<Vertices>
-16,-16,-16,0
-16,16,-16,0
16,-16,-16,0
16,16,-16,0
-16,-16,16,1
-16,16,16,1
16,-16,16,1
16,16,16,1
<Triangles>
0,1,2
2,1,3
4,6,5
6,7,5
0,2,4
4,2,6
1,5,3
5,7,3
0,1,4
4,1,5
2,6,3
6,7,3

[MeccBase]
<Objects>
981
<Colors>
255,0,0
255,255,255
<Vertices>
64,0,0,0
0,64,0,0
-64,0,0,0
0,-64,0,0
0,0,64,1
<Triangles>
0,1,2
2,3,0
0,1,4
1,2,4
2,3,4
3,0,4

[ReaperBase]
<Objects>
985
<Colors>
0,0,255
255,255,255
<Vertices>
64,0,0,0
0,64,0,0
-64,0,0,0
0,-64,0,0
0,0,64,1
<Triangles>
0,1,2
2,3,0
0,1,4
1,2,4
2,3,4
3,0,4

[KabutoBase]
<Objects>
1334
<Colors>
0,255,0
255,255,255
<Vertices>
64,0,0,0
0,64,0,0
-64,0,0,0
0,-64,0,0
0,0,64,1
<Triangles>
0,1,2
2,3,0
0,1,4
1,2,4
2,3,4
3,0,4

[Marker]
<Objects>
679
<Colors>
64,64,64
255,255,255
<Vertices>
-8,-8,0,0
-8,8,0,0
8,8,0,0
8,-8,0,0
-8,-8,64,0
-8,8,64,0
8,8,64,0
8,-8,64,0
8,-8,64,1
8,-8,40,1
-8,-8,64,1
-8,-8,40,1
0,-40,52,0
<Triangles>
0,1,2
2,1,3
4,6,5
6,7,5
0,2,4
4,2,6
1,5,3
5,7,3
0,1,4
4,1,5
2,6,3
6,7,3
8,9,12
10,11,12
8,10,12
9,11,12

[MeccMarker]
<Objects>
-1
<Colors>
192,0,0
255,64,64
<Vertices>
-8,-8,0,0
-8,8,0,0
8,8,0,0
8,-8,0,0
-8,-8,64,0
-8,8,64,0
8,8,64,0
8,-8,64,0
8,-8,64,1
8,-8,40,1
-8,-8,64,1
-8,-8,40,1
0,-40,52,0
<Triangles>
0,1,2
2,1,3
4,6,5
6,7,5
0,2,4
4,2,6
1,5,3
5,7,3
0,1,4
4,1,5
2,6,3
6,7,3
8,9,12
10,11,12
8,10,12
9,11,12

[MeccMarker2]
<Objects>
-2
<Colors>
255,0,0
255,192,192
<Vertices>
-8,-8,0,0
-8,8,0,0
8,8,0,0
8,-8,0,0
-8,-8,64,0
-8,8,64,0
8,8,64,0
8,-8,64,0
8,-8,64,1
8,-8,40,1
-8,-8,64,1
-8,-8,40,1
0,-40,52,0
<Triangles>
0,1,2
2,1,3
4,6,5
6,7,5
0,2,4
4,2,6
1,5,3
5,7,3
0,1,4
4,1,5
2,6,3
6,7,3
8,9,12
10,11,12
8,10,12
9,11,12

[ReaperMarker]
<Objects>
-3
<Colors>
0,0,128
64,64,255
<Vertices>
-8,-8,0,0
-8,8,0,0
8,8,0,0
8,-8,0,0
-8,-8,64,0
-8,8,64,0
8,8,64,0
8,-8,64,0
8,-8,64,1
8,-8,40,1
-8,-8,64,1
-8,-8,40,1
0,-40,52,0
<Triangles>
0,1,2
2,1,3
4,6,5
6,7,5
0,2,4
4,2,6
1,5,3
5,7,3
0,1,4
4,1,5
2,6,3
6,7,3
8,9,12
10,11,12
8,10,12
9,11,12

[ReaperMarker2]
<Objects>
-4
<Colors>
0,0,255
192,192,255
<Vertices>
-8,-8,0,0
-8,8,0,0
8,8,0,0
8,-8,0,0
-8,-8,64,0
-8,8,64,0
8,8,64,0
8,-8,64,0
8,-8,64,1
8,-8,40,1
-8,-8,64,1
-8,-8,40,1
0,-40,52,0
<Triangles>
0,1,2
2,1,3
4,6,5
6,7,5
0,2,4
4,2,6
1,5,3
5,7,3
0,1,4
4,1,5
2,6,3
6,7,3
8,9,12
10,11,12
8,10,12
9,11,12

[KabutoMarker]
<Objects>
-5
<Colors>
0,192,0
128,255,128
<Vertices>
-8,-8,0,0
-8,8,0,0
8,8,0,0
8,-8,0,0
-8,-8,64,0
-8,8,64,0
8,8,64,0
8,-8,64,0
8,-8,64,1
8,-8,40,1
-8,-8,64,1
-8,-8,40,1
0,-40,52,0
<Triangles>
0,1,2
2,1,3
4,6,5
6,7,5
0,2,4
4,2,6
1,5,3
5,7,3
0,1,4
4,1,5
2,6,3
6,7,3
8,9,12
10,11,12
8,10,12
9,11,12

[SheepMarker]
<Objects>
-6
<Colors>
64,64,0
192,192,0
<Vertices>
-8,-8,0,0
-8,8,0,0
8,8,0,0
8,-8,0,0
-8,-8,64,0
-8,8,64,0
8,8,64,0
8,-8,64,0
8,-8,64,1
8,-8,40,1
-8,-8,64,1
-8,-8,40,1
0,-40,52,0
<Triangles>
0,1,2
2,1,3
4,6,5
6,7,5
0,2,4
4,2,6
1,5,3
5,7,3
0,1,4
4,1,5
2,6,3
6,7,3
8,9,12
10,11,12
8,10,12
9,11,12

[SheepMarker2]
<Objects>
-7
<Colors>
192,192,0
255,255,128
<Vertices>
-8,-8,0,0
-8,8,0,0
8,8,0,0
8,-8,0,0
-8,-8,64,0
-8,8,64,0
8,8,64,0
8,-8,64,0
8,-8,64,1
8,-8,40,1
-8,-8,64,1
-8,-8,40,1
0,-40,52,0
<Triangles>
0,1,2
2,1,3
4,6,5
6,7,5
0,2,4
4,2,6
1,5,3
5,7,3
0,1,4
4,1,5
2,6,3
6,7,3
8,9,12
10,11,12
8,10,12
9,11,12

[Smartiespawn]
<Objects>
522
<Colors>
128,96,0
192,224,0
<Vertices>
0,0,20,0
40,0,25,1
28,28,25,1
0,40,25,1
-28,28,25,1
-40,0,25,1
-28,-28,25,1
0,-40,25,1
28,-28,25,1
40,0,0,0
28,28,0,0
0,40,0,0
-28,28,0,0
-40,0,0,0
-28,-28,0,0
0,-40,0,0
28,-28,0,0
<Triangles>
0,1,2
0,2,3
0,3,4
0,4,5
0,5,6
0,6,7
0,7,8
0,8,1
1,2,9
2,3,10
3,4,11
4,5,12
5,6,13
6,7,14
7,8,15
8,1,16
10,9,2
11,10,3
12,11,4
13,12,5
14,13,6
15,14,7
16,15,8
9,16,1
9,10,11
9,10,12
9,10,13
9,10,14
9,10,15
9,10,16

[Tower]
<Objects>
1041
<Colors>
50,40,40
120,130,120
200,200,220
<Vertices>
0,0,20,0
40,0,99,2
28,28,99,2
0,40,99,2
-28,28,99,2
-40,0,99,2
-28,-28,99,2
0,-40,99,2
28,-28,99,2
40,0,0,1
28,28,0,1
0,40,0,1
-28,28,0,1
-40,0,0,1
-28,-28,0,1
0,-40,0,1
28,-28,0,1
<Triangles>
0,1,2
0,2,3
0,3,4
0,4,5
0,5,6
0,6,7
0,7,8
0,8,1
1,2,9
2,3,10
3,4,11
4,5,12
5,6,13
6,7,14
7,8,15
8,1,16
10,9,2
11,10,3
12,11,4
13,12,5
14,13,6
15,14,7
16,15,8
9,16,1
9,10,11
9,10,12
9,10,13
9,10,14
9,10,15
9,10,16

[Tree]
<Objects>
102
<Colors>
64,32,0
120,240,120
0,128,0
<Vertices>
-3,-3,0,0
-3,3,0,0
3,3,0,0
3,-3,0,0
-3,-3,25,0
-3,3,25,0
3,3,25,0
3,-3,25,0
3,-3,50,0
3,3,50,0
9,3,50,0
9,-3,50,0
12,0,50,1
0,0,50,1
26,-16,20,2
26,16,30,2
-14,16,20,2
-14,-16,30,2
<Triangles>
0,1,4
1,2,5
2,3,6
3,0,7
5,4,1
6,5,2
7,6,3
4,7,0
4,5,8
5,6,9
6,7,10
7,4,11
9,8,5
10,9,6
11,10,7
8,11,4
12,14,15
13,16,17



